1953   98.490   87.515   88.352   93.006  101.889  122.941  130.898  133.810  118.806  112.069  105.634   94.229
1954   95.107   91.867   89.737   98.385  103.881  120.088  127.337  125.024  120.224  106.005   95.139   89.662
1955   95.462   89.316   83.206   83.661   98.560  113.049  121.802  122.569  111.713  105.544   95.132   93.875
1956   85.399   82.425   89.185   88.819  100.058  118.922  132.538  127.371  111.605  105.445   97.649   97.219
1957   99.877   94.460   97.069   95.551  104.450  124.572  125.871  126.609  120.358  114.143  100.766  101.359
1958   93.775  102.063   92.701   89.812  109.528  132.830  137.436  129.055  121.680  114.819   99.699   98.208
1959   94.545   96.268   94.448   84.815   98.886  117.717  128.893  119.909  112.828  110.567   94.372   95.394
1960   99.569   96.233   90.927   91.494  101.266  120.957  124.802  125.558  118.567  109.106  102.593   93.802
1961   92.635   97.388   88.557   89.651  104.368  120.269  127.578  131.528  113.438  101.771   97.799   98.538
1962   99.935   92.134   90.068   91.612  102.860  118.659  134.431  132.535  125.730  115.325  101.197   99.039
1963   91.427   86.359   92.206   81.264   95.306  115.197  117.300  118.256  111.014  111.082   99.676  100.635
1964   93.119   86.410   91.572   89.056  103.069  113.932  125.344  127.428  124.305  116.302  105.757   91.899
1965   91.577   89.764   93.038   89.674   97.928  125.176  129.931  123.699  121.481  112.549  104.523  103.101
1966   98.723  100.000   88.519   92.485  101.652  113.673  125.035  127.020  125.848  110.980   96.338   86.222
1967   90.733   85.129   83.663   88.613  100.182  117.863  130.093  131.790  124.609  117.828  101.350  106.273
1968   99.491   90.446   93.078   91.267   97.081  120.128  132.436  125.169  118.704  107.785   99.288   98.755
1969   86.001   83.107   88.056   87.586  101.627  123.737  136.421  124.953  118.553  109.408  104.755  101.451
1970  103.152   92.547   89.181   91.838  103.010  126.362  133.309  121.973  113.264  104.409   98.918   95.100
1971   91.794   82.938   80.572   85.688   95.948  117.915  125.607  124.077  116.733  112.810  104.968  102.586
1972   88.219   91.420   88.256   89.456   99.934  120.729  126.319  119.238  120.589  111.473  103.418   97.992
1973  104.890   93.872   91.620   87.922   99.908  111.485  123.852  121.481  120.138   98.115  101.055   98.834
1974   90.813   82.408   82.133   91.588   97.719  105.991  126.915  122.754  116.802  108.790  101.201   96.562
1975   96.831   94.708   93.773   87.303   95.460  120.182  121.903  126.833  118.995  108.381   99.179   94.309
1976   88.442   88.827   81.982   92.577  106.610  123.548  137.285  137.159  121.932  108.041  104.926   95.065
1977   96.595   99.762   91.181   88.350  104.515  119.684  126.010  121.812  121.287  115.402  106.132  105.028
1978  107.897  101.712   99.110   92.867  104.579  124.277  124.598  134.482  126.283  113.252  106.505  102.952
1979   91.812   95.971   90.659   89.067   99.791  122.240  134.451  120.019  115.642  109.430   94.595  101.219
1980  100.872   90.228   90.977   90.805  107.681  126.644  129.491  130.815  122.623  115.013  103.418   98.459
1981  102.298   91.919   95.336   90.387  100.211  120.213  128.852  127.266  121.945  106.951   98.738   98.523
1982   97.456   92.847   88.140   93.316  104.065  129.953  131.136  133.807  127.222  114.587  105.682  104.454
1983  106.207  101.345   95.023   91.787   98.884  126.198  130.242  140.456  126.956  119.289  119.290  111.256
1984   99.122   83.641   83.051   89.873   92.774  112.085  115.456  121.134  113.062  107.906  100.217   91.414
1985   93.817   96.503   82.740   88.306   99.534  124.729  127.306  122.141  113.946  102.419   98.898   95.581
1986   99.760   89.088   90.935   81.618   94.108  117.601  138.381  125.275  124.838  117.981  100.827  106.190
1987  107.595  102.333   90.430   93.324   94.038  123.441  119.433  121.875  121.663  109.285  101.657  102.535
1988   97.164   81.428   90.590   83.326   96.456  108.715  125.310  115.975  112.549  100.336  100.908   92.800
1989   99.243   96.683   84.110   84.418  101.185  113.336  128.474  124.259  108.683  109.441   96.209   99.722
1990   95.129   95.804   94.870   85.655   98.728  118.257  126.434  130.220  117.905  107.136   97.598   95.686
1991   98.431   95.842   84.848   89.248   94.123  115.326  129.566  132.979  123.304  111.775  103.154   99.456
1992   98.508  101.184   91.341   92.566  100.885  122.817  139.235  138.122  115.417  113.570   99.216   98.041
1993  100.063   94.346   95.719   87.448   94.449  121.120  126.745  130.949  116.278  106.607   92.725   91.206
1994   90.814   93.436   89.550   87.338   99.194  119.022  129.223  124.943  119.833  105.005  100.728   97.415
1995   99.663   99.238   85.142   75.662   90.795  109.973  111.274  113.673  117.702  102.713   96.078   98.398
1996   83.723   81.641   81.373   80.907   94.664  112.219  125.410  123.770  113.250  106.123   92.205   95.462
1997   93.630   96.822   85.172   97.080  104.544  111.106  130.876  130.976  114.288  100.615   99.001  100.857
1998   92.866  101.300   86.344   84.617  101.035  118.027  122.862  119.653  114.158  109.131   91.621   93.678
1999   83.351   83.889   74.700   87.813   95.643  104.153  121.064  120.252  109.088  107.617   96.550   91.435
2000   81.506   92.522   77.871   81.441   96.668  115.048  118.554  127.185  112.620  109.969   94.354  100.234
2001  100.006   89.943   89.335   87.233   95.442  114.117  124.327  134.612  116.542  110.502  103.437   94.399
2002   99.530   95.674   88.265   79.397   96.877  119.075  127.915  125.566  118.266  106.211  105.996  105.431
2003  104.567   91.406   86.990   89.288   98.928  111.375  125.426  124.965  116.166   99.844   96.239   97.114
2004   85.781   92.522   82.282   79.512   98.224  117.649  110.502  124.994  116.227  105.977  102.617   93.570
2005   92.673   81.053   89.860   87.135   97.877  112.323  128.421  124.801  116.716  105.021   90.108   82.606
2006   82.073   82.971   84.092   78.787   98.819  109.330  124.725  120.838  118.665  102.877   94.157  101.632
2007   98.960   92.332   83.879   85.317   92.085  112.478  118.327  113.681  113.167  101.373   88.387   89.719
2008   87.761   90.836   80.565   76.287   90.160  110.391  123.277  111.773  109.724  103.675   93.100   87.144
2009   90.627   79.968   76.836   86.719   89.531  110.340  122.826  119.982  119.478  101.462   95.025   94.885
2010   94.365   87.103   89.754   84.652   92.617  113.269  119.635  119.300  109.847   98.651   86.258   78.210
2011   77.744   81.767   79.119   79.037   90.814  109.183  113.724  116.460  112.710   92.933   92.147   94.934
2012   93.791   83.270   86.258   86.252   98.343  116.986  121.835  127.907  121.636  101.371   94.431   90.520
2013   96.173   83.655   86.097   89.654   96.986  113.985  125.011  118.903  115.872  104.840   89.959   96.455
2014   92.235   84.699   85.587   87.973   91.161  110.672  134.137  127.010  117.361  105.080   98.150   99.941
2015   95.482   88.731   87.964   90.552   97.118  115.804  129.667  124.993  116.284  107.612   96.805   94.377
2016   93.210   86.945   85.732   88.619   99.453  118.226  132.514  128.901  119.775  110.332   98.641   96.118
2017   90.874   85.663   84.902   87.511   95.887  112.993  126.780  121.445  114.938  105.726   94.557   92.803
2018   92.556   87.201   86.440   89.332   96.774  114.889  128.342  123.678  117.201  108.554   97.112   95.660